#Load(N)	Displacement (mm)
1.3	-0.694
1.4	-0.694
1.9	-0.686
2.3	-0.68
2.4	-0.671
2.7	-0.664
2.8	-0.655
2.9	-0.647
2.8	-0.639
3.1	-0.628
3.2	-0.622
3.3	-0.613
3.3	-0.605
3.3	-0.597
3.3	-0.588
3.4	-0.579
3.72	-0.571
3.762	-0.564
3.8	-0.557
4.2	-0.548
4.287	-0.539
4.3	-0.532
4.3	-0.524
4.407	-0.515
4.7	-0.504
4.7	-0.497
4.8	-0.488
5	-0.479
5.2	-0.472
5.356	-0.465
5.6	-0.455
5.8	-0.446
5.9	-0.439
6.1	-0.432
6.3	-0.422
6.5	-0.414
7	-0.404
8.062	-0.396
8.85	-0.387
9.6	-0.38
10.3	-0.371
11.093	-0.362
11.887	-0.355
12.8	-0.347
13.669	-0.34
14.4	-0.332
15.353	-0.322
16.393	-0.313
16.7	-0.304
17.05	-0.297
17.418	-0.289
18.3	-0.282
18.8	-0.276
19.8	-0.268
21.462	-0.257
22.96	-0.246
23.762	-0.239
24.3	-0.231
25.2	-0.224
26.3	-0.216
27.48	-0.207
29	-0.197
30.2	-0.188
30.75	-0.18
31.893	-0.173
33.231	-0.164
34.446	-0.156
35.999	-0.147
39.024	-0.139
42.293	-0.133
46.287	-0.125
51.299	-0.118
57.099	-0.11
63.199	-0.101
70.599	-0.092
78.699	-0.081
87.449	-0.072
95.248	-0.064
100.365	-0.059
104.455	-0.053
113.918	-0.044
122.473	-0.036
132.61	-0.027
142.298	-0.019
153.398	-0.01
162.931	-0.001
171.747	0.006
180.864	0.015
189.247	0.023
201.441	0.033
215.028	0.044
225.696	0.051
233.196	0.057
238.921	0.063
251.416	0.072
260.671	0.079
274.796	0.09
284.995	0.097
295.562	0.106
305.962	0.114
316.495	0.122
328.661	0.13
337.895	0.137
351.614	0.147
366.863	0.156
381.694	0.163
395.52	0.171
412.293	0.18
428.993	0.188
445.493	0.196
462.053	0.205
480.092	0.213
497.512	0.222
513.592	0.23
529.392	0.237
548.454	0.246
566.241	0.255
583.291	0.263
601.19	0.272
618.49	0.28
634.09	0.287
653.952	0.297
671.289	0.305
686.327	0.312
704.449	0.321
723.157	0.33
741.855	0.339
758.638	0.346
777.088	0.354
793.487	0.362
813.387	0.371
831.907	0.38
848.73	0.388
866.326	0.396
884.811	0.404
903.486	0.413
921.485	0.422
939.045	0.429
957.365	0.438
976.022	0.447
991.424	0.454
1009.934	0.463
1028.37	0.471
1046.946	0.48
1063.803	0.488
1081.923	0.496
1097.483	0.504
1113.382	0.511
1133.719	0.521
1152.042	0.529
1168.556	0.538
1187.901	0.547
1204.481	0.554
1220.181	0.562
1237.58	0.57
1255.93	0.579
1273.946	0.588
1291.786	0.596
1308.119	0.604
1326.054	0.613
1344.041	0.622
1358.778	0.628
1378.091	0.639
1394.085	0.646
1411.971	0.654
1429.644	0.663
1446.177	0.671
1463.077	0.679
1478.689	0.687
1496.976	0.696
1514.616	0.705
1530.276	0.713
1546.875	0.721
1563.938	0.729
1581.381	0.738
1597.162	0.746
1614.561	0.754
1632.227	0.763
1646.674	0.77
1666.674	0.78
1682.273	0.788
1698.046	0.796
1714.573	0.805
1729.519	0.813
1746.999	0.821
1763.884	0.83
1779.872	0.838
1794.671	0.845
1811.271	0.854
1829.871	0.863
1845.771	0.871
1861.97	0.88
1879.114	0.888
1894.351	0.896
1910.57	0.904
1925.803	0.912
1942.963	0.921
1958.969	0.929
1972.769	0.937
1990.368	0.946
2005.637	0.954
2022.768	0.962
2038.168	0.971
2054.061	0.979
2070.634	0.988
2084.067	0.995
2100.667	1.004
2116.266	1.012
2131.866	1.022
2148.166	1.03
2162.566	1.037
2178.565	1.046
2192.303	1.053
2208.559	1.062
2223.865	1.072
2238.551	1.08
2254.064	1.087
2268.095	1.096
2282.364	1.103
2297.163	1.112
2313.163	1.121
2328.532	1.13
2341.663	1.137
2359.062	1.147
2372.462	1.154
2387.068	1.162
2402.687	1.171
2416.182	1.179
2430.143	1.187
2446.761	1.196
2461.861	1.205
2473.261	1.211
2487.998	1.221
2501.935	1.229
2517.06	1.237
2531.647	1.246
2543.96	1.253
2559.672	1.262
2573.759	1.271
2586.359	1.279
2602.009	1.287
2615.105	1.296
2626.758	1.302
2642.458	1.312
2656.558	1.321
2669.12	1.329
2684.489	1.338
2695.857	1.345
2710.017	1.355
2724.275	1.362
2736.956	1.371
2750.456	1.38
2763.944	1.387
2777.356	1.396
2790.269	1.404
2803.702	1.412
2815.918	1.421
2829.342	1.43
2842.155	1.437
2855.168	1.446
2868.054	1.455
2880.508	1.462
2893.541	1.471
2905.985	1.479
2919.279	1.487
2931.753	1.496
2944.553	1.504
2956.34	1.512
2969.553	1.521
2981.753	1.529
2994.377	1.538
3005.908	1.546
3018.427	1.554
3030.852	1.563
3042.327	1.571
3054.711	1.58
3065.914	1.587
3078.626	1.596
3089.77	1.604
3101.451	1.611
3112.651	1.62
3124.05	1.629
3137.15	1.638
3147.9	1.645
3159.07	1.653
3171.643	1.663
3184.049	1.671
3193.612	1.679
3204.049	1.686
3216.349	1.696
3226.699	1.703
3238.349	1.712
3248.13	1.72
3259.502	1.729
3270.523	1.737
3279.748	1.745
3291.721	1.754
3301.448	1.761
3311.647	1.77
3323.46	1.78
3333.234	1.787
3344.272	1.795
3354.827	1.805
3363.647	1.811
3375.221	1.821
3384.596	1.829
3395.034	1.837
3404.146	1.845
3415.046	1.854
3425.246	1.863
3434.358	1.87
3444.695	1.879
3453.67	1.886
3463.064	1.895
3472.858	1.904
3482.045	1.911
3492.884	1.92
3500.544	1.928
3510.957	1.937
3519.144	1.945
3528.444	1.953
3538.077	1.962
3546.544	1.969
3556.763	1.979
3564.656	1.986
3574.243	1.995
3583.343	2.004
3591.883	2.012
3600.803	2.02
3608.73	2.028
3618.242	2.037
3626.005	2.045
3634.336	2.054
3643.042	2.062
3651.042	2.07
3659.442	2.079
3667.742	2.088
3675.342	2.095
3683.541	2.104
3690.795	2.112
3699.154	2.12
3706.241	2.128
3714.397	2.137
3721.941	2.145
3728.941	2.153
3737.041	2.162
3743.54	2.17
3751.14	2.179
3757.48	2.187
3764.54	2.195
3772.14	2.204
3779.24	2.212
3786.14	2.22
3792.84	2.229
3799.165	2.237
3805.699	2.245
3811.652	2.254
3817.264	2.261
3823.439	2.27
3829.592	2.279
3835.439	2.288
3841.139	2.296
3846.732	2.304
3851.658	2.311
3857.239	2.319
3862.926	2.329
3868.238	2.337
3873.638	2.345
3878.951	2.354
3883.138	2.363
3888.557	2.371
3893.038	2.378
3898.263	2.387
3902.771	2.395
3907.405	2.403
3912.038	2.411
3916.775	2.42
3921.594	2.429
3925.938	2.438
3930.138	2.445
3933.617	2.453
3938.012	2.462
3942.037	2.471
3945.637	2.479
3949.237	2.487
3952.717	2.495
3956.137	2.503
3959.457	2.513
3962.481	2.52
3965.537	2.529
3968.124	2.537
3970.837	2.545
3972.93	2.554
3974.912	2.562
3976.69	2.57
3978.237	2.579
3980.349	2.587
3982.137	2.595
3983.437	2.603
3985.437	2.613
3987.037	2.62
3988.363	2.629
3989.537	2.637
3990.737	2.645
3992.137	2.654
3992.637	2.662
3993.237	2.67
3993.836	2.679
3994.236	2.688
3994.68	2.696
3994.936	2.704
3995.511	2.712
3995.736	2.721
3995.736	2.729
3995.736	2.737
3995.736	2.745
3995.236	2.754
3994.336	2.762
3993.112	2.77
3991.017	2.778
3984.962	2.788
3977.912	2.796
3972.937	2.804
3968.224	2.812
3963.337	2.82
3958.237	2.829
3954.677	2.838
3950.806	2.845
3946.537	2.853
3941.625	2.861
3933.637	2.87
3926.858	2.879
3921.4	2.887
3917.658	2.895
3915.469	2.904
3913.013	2.912
3911.238	2.92
3910.444	2.929
3909.738	2.937
3909.263	2.945
3909.551	2.954
3909.838	2.962
3910.238	2.971
3910.775	2.979
3910.858	2.987
3910.538	2.995
3910.638	3.004
3910.838	3.012
3911.838	3.021
3912.824	3.029
3913.938	3.037
3915.071	3.046
3916.551	3.054
3917.788	3.062
3919.013	3.07
3921	3.079
3922.584	3.087
3923.888	3.094
3925.638	3.104
3927.525	3.112
3928.913	3.12
3930.313	3.129
3932.156	3.138
3934.137	3.145
3936.337	3.154
3938.117	3.163
3939.844	3.17
3941.962	3.178
3943.8	3.187
3945.737	3.195
3947.677	3.204
3949.612	3.212
3951.337	3.22
3952.975	3.229
3955.162	3.238
3957.137	3.246
3958.73	3.254
3960.47	3.262
3962.237	3.27
3963.964	3.279
3965.537	3.288
3967.437	3.296
3968.712	3.304
3969.917	3.312
3971.177	3.32
3972.799	3.329
3974.237	3.337
3975.337	3.346
3976.697	3.354
3978.237	3.362
3979.103	3.371
3979.843	3.379
3980.737	3.387
3981.624	3.395
3982.268	3.404
3982.537	3.411
3983.337	3.42
3983.637	3.429
3983.543	3.437
3983.337	3.446
3983.137	3.454
3982.318	3.462
3980.617	3.471
3978.737	3.479
3975.837	3.487
3970.268	3.495
3960.637	3.504
3941.687	3.513
3891.944	3.52
1779.365	3.529
1699.573	3.538
1689.713	3.546
1685.273	3.555
1683.361	3.563
1682.773	3.57
1683.273	3.578
1684.24	3.588
1685.773	3.596
1687.673	3.604
1689.986	3.613
1692.273	3.622
1694.386	3.63
1696.953	3.638
1699.933	3.646
1702.773	3.654
1705.773	3.663
1708.204	3.672
1711.133	3.679
1712.353	3.683
